1 0.583660 0.676087 0.274510 0.294783
1 0.345098 0.651739 0.232680 0.207826
1 0.348366 0.924783 0.339869 0.150435
1 0.190850 0.880000 0.347712 0.240000
1 0.820588 0.509565 0.120915 0.147826
1 0.692157 0.506522 0.134641 0.145217
1 0.789869 0.435217 0.072549 0.100000
1 0.795425 0.369130 0.067974 0.079130
1 0.875490 0.426522 0.067320 0.096522
2 0.718301 0.339130 0.091503 0.146087
2 0.585621 0.303913 0.172549 0.197391
2 0.558497 0.466087 0.199346 0.215652
1 0.161765 0.431739 0.161438 0.106957
1 0.328758 0.378696 0.108497 0.066957
1 0.041503 0.865652 0.081699 0.211304
1 0.889542 0.380870 0.070588 0.069565
